[44, 0, 39, 87, 23, 9, 71, 63, 57, 79]
[0, 44, 39, 87, 23, 9, 71, 63, 57, 79]
[0, 39, 44, 87, 23, 9, 71, 63, 57, 79]
[0, 39, 44, 23, 87, 9, 71, 63, 57, 79]
[0, 39, 44, 23, 9, 87, 71, 63, 57, 79]
[0, 39, 44, 23, 9, 71, 87, 63, 57, 79]
[0, 39, 44, 23, 9, 71, 63, 87, 57, 79]
[0, 39, 44, 23, 9, 71, 63, 57, 87, 79]
[0, 39, 44, 23, 9, 71, 63, 57, 79, 87]
[0, 39, 23, 44, 9, 71, 63, 57, 79, 87]
[0, 39, 23, 9, 44, 71, 63, 57, 79, 87]
[0, 39, 23, 9, 44, 63, 71, 57, 79, 87]
[0, 39, 23, 9, 44, 63, 57, 71, 79, 87]
[0, 23, 39, 9, 44, 63, 57, 71, 79, 87]
[0, 23, 9, 39, 44, 63, 57, 71, 79, 87]
[0, 23, 9, 39, 44, 57, 63, 71, 79, 87]
[0, 9, 23, 39, 44, 57, 63, 71, 79, 87]
